RANK         0            1            2            3            4            5
smart       88           12                                                    
baseline     3           24           21           24           15           15
dumb        50           32           15            3                          
#
#EVALS
RANK               0            1            2            3            4            5
smart       32 ( 12)     25 (  0)      0 (  0)      0 (  0)      0 (  0)      0 (  0)
baseline   3840 (  0)   2834 (  0)   9618 (  0)   3094 (  0)   3687 (  0)   34523 (  0)
dumb        26 (  0)     35 ( 12)     40 (  0)     30 (  0)      0 (  0)      0 (  0)
#
#DELTAS
RANK               0            1            2            3            4            5
smart       72 ( 23)     51 (  0)      0 (  0)      0 (  0)      0 (  0)      0 (  0)
baseline     0 (  0)      0 (  0)      0 (  0)      0 (  0)      0 (  0)      0 (  0)
dumb        65 ( 26)     62 ( 19)     60 (  0)     75 (  0)      0 (  0)      0 (  0)
